export const ADVANCED_DATA = {
  tickers_col: ["PIK", "PWP", "SPY", "MSFT", "AAPL", "MU"],
  tickers_idx: ["PIK", "PWP", "SPY", "MSFT", "AAPL", "MU"],
  data: [
    [0, 0, 1],
    [0, 1, 0.004068],
    [0, 2, 0.03748],
    [0, 3, 0.015284],
    [0, 4, 0.043511],
    [0, 5, 0.008576],
    [1, 0, 0.004068],
    [1, 1, 1],
    [1, 2, 0.31163],
    [1, 3, 0.192173],
    [1, 4, 0.217191],
    [1, 5, 0.225602],
    [2, 0, 0.03748],
    [2, 1, 0.31163],
    [2, 2, 1],
    [2, 3, 0.818321],
    [2, 4, 0.790733],
    [2, 5, 0.659484],
    [3, 0, 0.015284],
    [3, 1, 0.192173],
    [3, 2, 0.818321],
    [3, 3, 1],
    [3, 4, 0.748134],
    [3, 5, 0.538218],
    [4, 0, 0.043511],
    [4, 1, 0.217191],
    [4, 2, 0.790733],
    [4, 3, 0.748134],
    [4, 4, 1],
    [4, 5, 0.495117],
    [5, 0, 0.008576],
    [5, 1, 0.225602],
    [5, 2, 0.659484],
    [5, 3, 0.538218],
    [5, 4, 0.495117],
    [5, 5, 1],
  ],
  min_max: [0.00406841688489758, 1],
};
